1757493548590 0.199959266802444 0
1757493663743 0.19975560081466395 1
1757493667890 0.19975560081466395 2
1757493689979 0.19975560081466395 3
1757493696430 0.19975560081466395 4
1757493702408 0.19975560081466395 5
1757493705182 0.19975560081466395 6
1757493708140 0.19975560081466395 7
1757494120081 0.2 0
1757494151450 0.2 1
1757494163416 0.2 2
1757494184402 0.2 3
1757494194986 0.2 4
1757494215507 0.2 5
1757494221971 0.2 6
1757494231107 0.2 7
1757494261074 0.2 8
1757494265993 0.2 9
1757494269452 0.2 10
1757494409329 0.2 11
1757494434638 0.2 12
1757494452568 0.2 13
1757494549603 0.2 14
1757494561307 0.2 15
1757494575159 0.2 16
1757494588397 0.2 17
1757494591576 0.2 18
1757494603538 0.2 19
1757494618542 0.2 20
1757494634641 0.2 21
1757494660959 0.2 22
1757494683044 0.2 23
1757494706061 0.2 24
1757494758357 0.2 25
1757494808368 0.2 26
1757494813267 0.2 27
1757494828027 0.2 28
1757494841130 0.2 29
1757494855298 0.2 30
1757494867225 0.2 31
1757494882703 0.2 32
1757494895950 0.2 33
1757494908381 0.2 34
1757494911066 0.2 35
1757494923506 0.2 36
1757494926325 0.2 37
1757494974505 0.2 38
1757495004676 0.2 39
1757495008508 0.2 40
1757495011624 0.2 41
1757495015027 0.2 42
1757495019019 0.2 43
1757495021306 0.2 44
1757495024591 0.2 45
1757495042008 0.2 46
1757495048594 0.2 47
1757495072799 0.2 48
1757495075753 0.2 49
1757495120609 0.2 50
1757495304725 0.2 51
1757495353471 0.2 52
1757495437345 0.2 53
1757495465533 0.2 54
1757495489913 0.2 55
1757495503899 0.2 56
1757495570664 0.2 57
1757495600307 0.2 58
1757495625522 0.2 59
1757495640810 0.2 60
1757495660065 0.2 61
1757495677952 0.2 62
1757495701225 0.2 63
1757495773595 0.2 64
1757495794973 0.2 65
1757495812507 0.2 66
1757495815271 0.2 67
1757495884572 0.2 68
1757495905106 0.2 69
1757495923174 0.2 70
1757495936635 0.2 71
1757495947016 0.2 72
1757495992193 0.2 73
1757495995304 0.2 74
1757496016029 0.2 75
1757496043488 0.2 76
1757496047646 0.2 77
1757496063244 0.2 78
1757496073475 0.2 79
1757496095181 0.2 80
1757496113983 0.2 81
1757496129110 0.2 82
1757496145230 0.2 83
1757496658820 0.19983706720977595 0
1757498304247 0.2 1
1757498327093 0.20122047736449064 2
1757498396329 0.20122047736449064 3
1757498518667 0.20122047736449064 4
1757498523491 0.20122047736449064 5
1757498550161 0.20122047736449064 6
1757498556668 0.20122047736449064 7
1757498712989 0.20122047736449064 8
1757498940881 0.20122047736449064 9
1757498943929 0.20122047736449064 10
1757500006121 0.20122047736449064 11
1757500030862 0.203245078071962 12
1757500044085 0.20593695287097585 13
1757500149407 0.20593695287097585 14
1757500163145 0.20593695287097585 15
