1756974480544 57417.0 0
1756974482523 57400.0 1
1756974485058 57400.0 2
1756974489381 57400.0 3
1756974491559 57400.0 4
1756974517379 57266.0 5
1756974520680 57266.0 6
1756974525308 57266.0 7
1756974527709 57266.0 8
1756974529727 57266.0 9
1756974634782 57400.0 0
1756974640913 57400.0 1
1756974642780 57400.0 2
1756974646423 57400.0 3
1756974649140 57400.0 4
1756974649283 57400.0 5
1756974653061 54720.0 6
1756974659166 54720.0 7
1756974661737 54720.0 8
1756974664429 54720.0 9
1756974667820 54720.0 10
1756974671226 54720.0 11
1756974673927 54720.0 12
1756974676404 54720.0 13
1756974678384 54720.0 14
1756974680773 54720.0 15
1756974683705 54720.0 16
1756974686980 54720.0 17
1756974690598 54720.0 18
1756974705607 54720.0 19
1756974710547 57400.0 0
1756974712410 57400.0 1
1756974714986 57400.0 2
1756974720058 57400.0 3
1756974722572 57400.0 4
1756974725277 57107.0 5
1756974727647 57107.0 6
1756974739705 57107.0 7
1756974743953 57107.0 8
1756974746337 57107.0 9
1756974749093 57107.0 10
1756974751362 57107.0 11
1756974753756 57107.0 12
1756974756020 57107.0 13
1756974758234 57107.0 14
1756974760201 57107.0 15
1756974762498 51473.0 16
1756974763093 51473.0 17
1756974765954 51473.0 18
1756974770080 51473.0 19
1756974773664 51473.0 20
1756974776902 51473.0 21
1756974780408 51473.0 22
1756974782776 51473.0 23
1756974787153 51473.0 24
1756974790025 51473.0 25
1756974792352 51473.0 26
1756974797396 51473.0 27
1756974809566 51473.0 28
1756974812465 51473.0 29
1756974819228 51473.0 30
1756974840088 51473.0 31
1756974865440 51473.0 32
1756974868239 50260.0 33
1756974874373 50260.0 34
1756974880582 50260.0 35
1756974884468 50260.0 36
1756974888604 50260.0 37
1756974890580 50260.0 38
1756974892878 50260.0 39
1756974896204 50260.0 40
1756974898818 50260.0 41
1756974901365 50260.0 42
1756974905510 50260.0 43
1756974909880 50260.0 44
1756974911607 50260.0 45
1756974921269 50260.0 46
1756974923265 50260.0 47
1756974943948 50260.0 48
1756974946071 50260.0 49
1756974949074 50260.0 50
1756974951316 50260.0 51
1756974953500 50260.0 52
1756974956034 50260.0 53
1756974959197 49877.0 54
1756974961298 49877.0 55
1756974984144 49877.0 56
1756974988536 49877.0 57
1756974993535 49877.0 58
1756975002638 49877.0 59
1756975008901 49877.0 60
1756975011586 49877.0 61
1756975014046 49877.0 62
1756975016404 49877.0 63
1756975015608 49877.0 64
1756975018017 49877.0 65
1756975020272 49877.0 66
1756975022777 49877.0 67
1756975058024 49877.0 68
1756975060485 49877.0 69
1756975065845 49877.0 70
1756975068104 49877.0 71
1756975070488 49877.0 72
1756975072328 49877.0 73
1756975074059 49877.0 74
1756975076412 49877.0 75
1756975078823 49877.0 76
1756975081277 49877.0 77
1756975083793 49877.0 78
1756975088059 49877.0 79
1756975090313 49877.0 80
1756975092512 49877.0 81
1756975094763 49877.0 82
1756975099068 49877.0 83
1756975101469 49877.0 84
1756975103602 49877.0 85
1756975105694 49877.0 86
1756975107977 49877.0 87
1756975109958 49877.0 88
1756975128195 49877.0 89
1756975137279 49877.0 90
1756975139521 49877.0 91
1756975141581 49877.0 92
1756975143748 49877.0 93
1756975146007 49877.0 94
1756975148109 47548.0 95
1756975150316 47548.0 96
1756975152625 47548.0 97
1756975156422 47548.0 98
1756975158640 47548.0 99
1756975161044 47548.0 100
1756975163297 47548.0 101
1756975165723 47548.0 102
1756975168159 47548.0 103
1756975170483 47548.0 104
1756975172888 47548.0 105
1756975174729 47548.0 106
1756975176462 47548.0 107
1756975178761 47548.0 108
1756975180474 47548.0 109
1756975182150 47548.0 110
1756975184006 47548.0 111
1756975184015 47548.0 112
1756975185846 47548.0 113
1756975187388 47548.0 114
1756975189269 47548.0 115
1756975191137 47548.0 116
1756975193722 47548.0 117
1756975195891 47548.0 118
1756975198136 47548.0 119
1756975200433 47548.0 120
1756975202695 47548.0 121
1756975204970 47548.0 122
1756975207359 47548.0 123
1756975209652 47548.0 124
1756975211714 47548.0 125
1756975210457 47548.0 126
1756975212203 47548.0 127
1756975214546 47548.0 128
1756975216792 47548.0 129
1756975234946 47548.0 130
1756975237464 47548.0 131
1756975239834 47548.0 132
1756975239431 47548.0 133
1756975241679 47548.0 134
1756975244052 47548.0 135
1756975246294 47548.0 136
1756975248348 47548.0 137
1756975253127 47548.0 138
1756975255176 47548.0 139
1756975257445 47548.0 140
1756975259026 47548.0 141
1756975260614 47548.0 142
1756975262183 47548.0 143
1756975264077 47548.0 144
1756975265665 47548.0 145
1756975265121 47548.0 146
1756975268226 47548.0 147
1756975270315 47548.0 148
1756975272358 47548.0 149
1756975273983 47548.0 150
1756975276199 47548.0 151
1756975278255 47548.0 152
1756975279874 47548.0 153
1756975281438 47548.0 154
1756975283724 47548.0 155
1756975285296 42949.0 156
1756975286877 42949.0 157
1756975288428 42949.0 158
1756975317402 42949.0 159
1756975319520 42949.0 160
1756975321074 42949.0 161
1756975322598 42949.0 162
1756975321673 42949.0 163
1756975323560 42949.0 164
1756975325084 42949.0 165
1756975327342 42949.0 166
1756975329465 42949.0 167
1756975331694 42949.0 168
1756975338551 42949.0 169
1756975340542 42949.0 170
1756975342513 42949.0 171
1756975344756 42949.0 172
1756975346752 42949.0 173
1756975348896 42949.0 174
1756975350992 42949.0 175
1756975351148 42949.0 176
1756975353171 42949.0 177
1756975355119 42949.0 178
1756975357232 42949.0 179
1756975359214 42949.0 180
1756975361140 42949.0 181
1756975363239 42949.0 182
1756975365203 42949.0 183
1756975367108 42949.0 184
1756975368928 42949.0 185
1756975370916 42949.0 186
1756975372818 42949.0 187
1756975374669 42949.0 188
1756975376768 42949.0 189
1756975378689 42949.0 190
1756975377270 42949.0 191
1756975379085 42949.0 192
1756975380862 42949.0 193
1756975382707 42949.0 194
1756975384588 42949.0 195
1756975386369 42949.0 196
1756975388544 42949.0 197
1756975390499 42949.0 198
1756975392087 42949.0 199
1756975393684 42949.0 200
1756975395662 42949.0 201
1756975397665 42949.0 202
1756975399882 42949.0 203
1756975401469 42949.0 204
1756975403687 42949.0 205
1756975403460 42949.0 206
1756975411504 42949.0 207
1756975413938 42949.0 208
1756975415899 42949.0 209
1756975417731 42949.0 210
1756975419898 42949.0 211
1756975421986 42949.0 212
1756975424251 42949.0 213
1756975426446 42949.0 214
1756975428354 42949.0 215
1756975430472 42949.0 216
1756975432383 42949.0 217
1756975433111 42949.0 218
1756975435114 42949.0 219
1756975437254 42949.0 220
1756975439304 42949.0 221
1756975441573 42949.0 222
1756975443920 42949.0 223
1756975446357 42949.0 224
1756975448720 42949.0 225
1756975450995 42949.0 226
1756975453221 42949.0 227
1756975455431 42949.0 228
1756975457705 42949.0 229
1756975459995 42949.0 230
1756975460702 42949.0 231
1756975462732 42949.0 232
1756975464971 42949.0 233
1756975467145 42949.0 234
1756975469317 42949.0 235
1756975471607 42949.0 236
1756975473978 42949.0 237
1756975476231 42949.0 238
1756975478538 42949.0 239
1756975515367 42949.0 240
1756975517839 42949.0 241
1756975520131 42949.0 242
1756975522248 42949.0 243
1756975524420 42949.0 244
1756975526635 42949.0 245
1756975529053 42949.0 246
1756975531300 42949.0 247
1756975533509 42949.0 248
1756975535633 42949.0 249
1756975537989 42949.0 250
1756975543149 42949.0 251
1756975543179 42949.0 252
1756975545044 42949.0 253
1756975547194 42949.0 254
1756975549325 42949.0 255
1756975551456 42949.0 256
1756975553801 42949.0 257
1756975556055 42949.0 258
1756975558299 42949.0 259
1756975560581 42949.0 260
1756975562827 42949.0 261
1756975565075 42949.0 262
1756975567313 42949.0 263
1756975569533 42949.0 264
1756975571700 42949.0 265
1756975571652 42949.0 266
1756975603958 42949.0 267
1756975605939 42949.0 268
1756975608395 42949.0 269
1756975610587 42949.0 270
1756975612638 42949.0 271
1756975614961 42949.0 272
1756975617678 42949.0 273
1756975625947 42949.0 274
1756975628221 42949.0 275
1756975627094 42949.0 276
1756975629525 42949.0 277
1756975631754 42949.0 278
1756975633940 42949.0 279
1756975636261 42949.0 280
1756975638625 42949.0 281
1756975640865 42949.0 282
1756975643125 42949.0 283
1756975645431 42949.0 284
1756975647832 42949.0 285
1756975650271 42949.0 286
1756975652493 42949.0 287
1756975654775 42949.0 288
1756975656070 42949.0 289
1756975658377 42949.0 290
1756975706732 42949.0 291
1756975708786 42949.0 292
1756975710948 42949.0 293
1756975710911 42949.0 294
1756975713129 42949.0 295
1756975717584 42949.0 296
1756975719892 42949.0 297
1756975725423 42949.0 298
1756975727621 42949.0 299
1756975729918 42949.0 300
1756975734973 42949.0 301
1756975737196 42949.0 302
1756975735746 42949.0 303
1756975737886 42949.0 304
1756975739398 42949.0 305
1756975741624 42949.0 306
1756975743684 42949.0 307
1756975745919 42949.0 308
1756975748028 42949.0 309
1756975750316 42949.0 310
1756975752632 42949.0 311
1756975754952 42949.0 312
1756975828876 42949.0 313
1756975832888 42949.0 314
1756975835193 42949.0 315
1756975837939 42949.0 316
1756975840170 42949.0 317
1756975842245 42949.0 318
1756975844482 42949.0 319
1756975867398 42949.0 320
1756975869728 42949.0 321
1756975872038 42949.0 322
1756975873823 42949.0 323
1756975875992 42949.0 324
1756975875843 42949.0 325
1756975878063 42949.0 326
1756975880389 42949.0 327
1756975882700 42949.0 328
1756975884994 42949.0 329
1756975887098 42949.0 330
1756975889294 42949.0 331
1756975891617 42949.0 332
1756975893797 42949.0 333
1756975896071 42949.0 334
1756975898486 42949.0 335
1756975900342 42949.0 336
1756975902736 42949.0 337
1756975929833 42949.0 338
1756975932178 42949.0 339
1756975931520 42949.0 340
1756975933559 42949.0 341
1756975935918 42949.0 342
1756975943277 42949.0 343
1756975945462 42949.0 344
1756975947779 42949.0 345
1756975950105 42949.0 346
1756975952121 42949.0 347
1756975954511 42949.0 348
1756975957048 42949.0 349
1756975959077 42949.0 350
1756975957821 42949.0 351
1756975960013 42949.0 352
1756975962024 42949.0 353
1756975964249 42949.0 354
1756975966311 42949.0 355
1756975968476 42949.0 356
1756975970546 42949.0 357
1756975972844 42949.0 358
1756975986356 42949.0 359
1756975987788 42949.0 360
1756975989899 42949.0 361
1756975992079 42949.0 362
1756975994435 42949.0 363
1756975996775 42949.0 364
1756975998416 42949.0 365
1756976007051 42949.0 366
1756976009151 42949.0 367
1756976011090 42949.0 368
1756976013342 42949.0 369
1756976015432 42949.0 370
1756976039905 42949.0 371
1756976042149 42949.0 372
1756976040983 42949.0 373
1756976043297 42949.0 374
1756976045347 42949.0 375
1756976047643 42949.0 376
1756976049811 42949.0 377
1756976051944 42949.0 378
1756976054296 42949.0 379
1756976056600 42949.0 380
1756976079923 42949.0 381
1756976082066 42949.0 382
1756976084260 42949.0 383
1756976086518 42949.0 384
1756976088837 42949.0 385
1756976091101 42949.0 386
1756976094156 42949.0 387
1756976097796 42949.0 388
1756976099940 42949.0 389
1756976102071 42949.0 390
1756976104337 42949.0 391
1756976106609 42949.0 392
1756976108921 42949.0 393
1756976111300 42949.0 394
1756976115369 42949.0 395
1756976117676 42949.0 396
1756976119626 42949.0 397
1756976121788 42949.0 398
1756976124038 42949.0 399
1756976126251 42949.0 400
1756976126945 42949.0 401
1756976129268 42949.0 402
1756976169998 42949.0 403
1756976172245 42949.0 404
1756976174519 42949.0 405
1756976176725 42949.0 406
1756976178785 42949.0 407
1756976181088 42949.0 408
1756976187092 42949.0 409
1756976189386 42949.0 410
1756976217240 42949.0 411
1756976219257 42949.0 412
1756976221219 42949.0 413
1756976223540 42949.0 414
1756976225885 42949.0 415
1756976228068 42949.0 416
1756976230378 42949.0 417
1756976232797 42949.0 418
1756976235045 42949.0 419
1756976237365 42949.0 420
1756976237891 42949.0 421
1756976240129 42949.0 422
1756976242266 42949.0 423
1756976244500 42949.0 424
1756976246783 42949.0 425
1756976266115 42949.0 426
1756976268048 42949.0 427
1756976269695 42949.0 428
1756976271944 42949.0 429
1756976274198 42949.0 430
1756976276492 42949.0 431
1756976278977 42949.0 432
1756976281244 42949.0 433
1756976288924 42949.0 434
1756976291197 42949.0 435
1756976292196 42949.0 436
1756976294512 42949.0 437
1756976296677 42949.0 438
1756976299805 42949.0 439
1756976301954 42949.0 440
1756976304290 42949.0 441
1756976306544 42949.0 442
1756976308833 42949.0 443
1756976311165 42949.0 444
1756976313334 42949.0 445
1756976315577 42949.0 446
1756976317615 42949.0 447
1756976335143 42949.0 448
1756976337353 42949.0 449
1756976339699 42949.0 450
1756976342209 42949.0 451
1756976344459 42949.0 452
1756976346781 42949.0 453
1756976346778 42949.0 454
1756976348791 42949.0 455
1756976406991 42949.0 456
1756976409308 42949.0 457
1756976411753 42949.0 458
1756976414205 42949.0 459
1756976416594 42949.0 460
1756976418879 42949.0 461
1756976421278 42949.0 462
1756976423446 42949.0 463
1756976425713 42949.0 464
1756976428032 42949.0 465
1756976429129 42949.0 466
1756976431617 42949.0 467
1756976433813 42949.0 468
1756976436148 42949.0 469
1756976438121 42949.0 470
1756976444186 42949.0 471
1756976446514 42949.0 472
1756976448647 42949.0 473
1756976450860 42949.0 474
1756976453109 42949.0 475
1756976455382 42949.0 476
1756976457622 42949.0 477
1756976460939 42949.0 478
1756976463323 42949.0 479
1756976465643 42949.0 480
1756976467769 42949.0 481
1756976470050 42949.0 482
1756976472368 42949.0 483
1756976475239 42949.0 484
1756976477199 42949.0 485
1756976479689 42949.0 486
1756976482046 42949.0 487
1756976484599 42949.0 488
1756976485880 42949.0 489
1756976488288 42949.0 490
1756976491443 42949.0 491
1756976493797 42949.0 492
1756976535980 42949.0 493
1756976539631 42949.0 494
1756976541874 42949.0 495
1756976544168 42949.0 496
1756976546568 42949.0 497
1756976548914 42949.0 498
1756976551134 42949.0 499
1756976553550 42949.0 500
1756976561719 42949.0 501
1756976563972 42949.0 502
1756976566276 42949.0 503
1756976569371 42949.0 504
1756976570496 42949.0 505
1756976572852 42949.0 506
1756976575293 42949.0 507
1756976577543 42949.0 508
1756976579491 42949.0 509
1756976582114 42949.0 510
1756976584270 42949.0 511
1756976586509 42949.0 512
1756976588739 42949.0 513
1756976591008 42949.0 514
1756976593312 42949.0 515
1756976634642 42949.0 516
1756976636641 42949.0 517
1756976639073 42949.0 518
1756976641687 42949.0 519
1756976644039 42949.0 520
1756976646268 42949.0 521
1756976650374 42949.0 522
1756976650251 42949.0 523
1756976652342 42949.0 524
1756976654403 42949.0 525
1756976656609 42949.0 526
1756976658850 42949.0 527
1756976661273 42949.0 528
1756976663574 42949.0 529
1756976665847 42949.0 530
1756976669254 42949.0 531
1756976671448 42949.0 532
1756976673529 42949.0 533
1756976675943 42949.0 534
1756976677549 42949.0 535
1756976679710 42949.0 536
1756976720038 42949.0 537
1756976722009 42949.0 538
1756976724167 42949.0 539
1756976726616 42949.0 540
1756976728755 42949.0 541
1756976730976 42949.0 542
1756976732980 42949.0 543
1756976733632 42949.0 544
1756976761650 42949.0 545
1756976762029 42949.0 546
1756976764414 42949.0 547
1756976766081 42949.0 548
1756976768470 42949.0 549
1756976770055 42949.0 550
1756976772143 42949.0 551
1756976774356 42949.0 552
1756976776505 42949.0 553
1756976778785 42949.0 554
1756976781147 42949.0 555
1756976783315 42949.0 556
1756976786851 42949.0 557
1756976788901 42949.0 558
1756976787927 42949.0 559
1756976790211 42949.0 560
1756976810192 42949.0 561
1756976812502 42949.0 562
1756976814891 42949.0 563
1756976817196 42949.0 564
1756976818617 42949.0 565
1756976820254 42949.0 566
1756976828438 42949.0 567
1756976830843 42949.0 568
1756976833148 42949.0 569
1756976835473 42949.0 570
1756976837723 42949.0 571
1756976839855 42949.0 572
1756976842091 42949.0 573
1756976845119 42949.0 574
1756976844668 42949.0 575
1756976846863 42949.0 576
1756976849113 42949.0 577
1756976851855 42949.0 578
1756976854096 42949.0 579
1756976856234 42949.0 580
1756976858491 42949.0 581
1756976860801 42949.0 582
1756976863000 42949.0 583
1756976866008 42949.0 584
1756976896496 42949.0 585
1756976898917 42949.0 586
1756976901116 42949.0 587
1756976901144 42949.0 588
1756976906161 42949.0 589
1756976908494 42949.0 590
1756976910410 42949.0 591
1756976912732 42949.0 592
1756976915133 42949.0 593
1756976917545 42949.0 594
1756976919905 42949.0 595
1756976922399 42949.0 596
1756976927711 42949.0 597
1756976930074 42949.0 598
1756976932468 42949.0 599
1756976934884 42949.0 600
1756976937180 42949.0 601
1756976939466 42949.0 602
1756976941882 42949.0 603
1756976956682 42949.0 604
1756976958850 42949.0 605
1756976961109 42949.0 606
1756976962709 42949.0 607
1756976965166 42949.0 608
1756976967534 42949.0 609
1756976970035 42949.0 610
1756977001408 42949.0 611
1756977003780 42949.0 612
1756977006180 42949.0 613
1756977007912 42949.0 614
1756977010276 42949.0 615
1756977011946 42949.0 616
1756977011930 42949.0 617
1756977013823 42949.0 618
1756977016126 42949.0 619
1756977018496 42949.0 620
1756977020974 42949.0 621
1756977023567 42949.0 622
1756977025880 42949.0 623
1756977027534 42949.0 624
1756977030268 42949.0 625
1756977032957 42949.0 626
1756977035406 42949.0 627
1756977072218 42949.0 628
1756977074558 42949.0 629
1756977077039 42949.0 630
1756977079463 42949.0 631
1756977081958 42949.0 632
1756977084227 42949.0 633
1756977089089 42949.0 634
1756977091512 42949.0 635
1756977093879 42949.0 636
1756977093697 42949.0 637
1756977096182 42949.0 638
1756977098369 42949.0 639
1756977100545 42949.0 640
1756977102892 42949.0 641
1756977105411 42949.0 642
1756977108577 42949.0 643
1756977110780 42949.0 644
1756977113100 42949.0 645
1756977115391 42949.0 646
1756977117641 42949.0 647
1756977120023 42949.0 648
1756977172084 42949.0 649
1756977174419 42949.0 650
1756977176763 42949.0 651
1756977176640 42949.0 652
1756977178311 42949.0 653
1756977180640 42949.0 654
1756977190125 42949.0 655
1756977193541 42949.0 656
1756977195701 42949.0 657
1756977198412 42949.0 658
1756977200694 42949.0 659
1756977202865 42949.0 660
1756977204445 42949.0 661
1756977206571 42949.0 662
1756977208807 42949.0 663
1756977210771 42949.0 664
1756977213255 42949.0 665
1756977215521 42949.0 666
1756977218463 42949.0 667
1756977220571 42949.0 668
1756977222881 42949.0 669
1756977225190 42949.0 670
1756977227667 42949.0 671
1756977270493 42949.0 672
1756977272949 42949.0 673
1756977274750 42949.0 674
1756977277189 42949.0 675
1756977279568 42949.0 676
1756977281905 42949.0 677
1756977284272 42949.0 678
1756977286711 42949.0 679
1756977292131 42949.0 680
1756977294579 42949.0 681
1756977297058 42949.0 682
1756977299528 42949.0 683
1756977302021 42949.0 684
1756977304432 42949.0 685
1756977306845 42949.0 686
1756977311951 42949.0 687
1756977314584 42949.0 688
1756977314835 42949.0 689
1756977317297 42949.0 690
1756977319700 42949.0 691
1756977321947 42949.0 692
1756977324289 42949.0 693
1756977353532 42949.0 694
1756977355844 42949.0 695
1756977358199 42949.0 696
1756977360412 42949.0 697
1756977362061 42949.0 698
1756977364134 42949.0 699
1756977366473 42949.0 700
1756977368959 42949.0 701
1756977410118 42949.0 702
1756977412260 42949.0 703
1756977414354 42949.0 704
1756977418269 42949.0 705
1756977419935 42949.0 706
1756977422203 42949.0 707
1756977424354 42949.0 708
1756977426576 42949.0 709
1756977426602 42949.0 710
1756977428914 42949.0 711
1756977430579 42949.0 712
1756977432447 42949.0 713
1756977443043 42949.0 714
1756977445490 42949.0 715
1756977447769 42949.0 716
1756977450256 42949.0 717
1756977452386 42949.0 718
1756977454760 42949.0 719
1756977453542 42949.0 720
1756977455771 42949.0 721
1756977457951 42949.0 722
1756977459988 42949.0 723
1756977467744 42949.0 724
1756977470115 42949.0 725
1756977472434 42949.0 726
1756977474836 42949.0 727
1756977477054 42949.0 728
1756977479278 42949.0 729
1756977481546 42949.0 730
1756977482132 42949.0 731
1756977484781 42949.0 732
1756977486436 42949.0 733
1756977488112 42949.0 734
1756977489774 42949.0 735
1756977491416 42949.0 736
1756977493051 42949.0 737
1756977494721 42949.0 738
1756977496429 42949.0 739
1756977498330 42949.0 740
1756977524891 42949.0 741
1756977526504 42949.0 742
1756977528106 42949.0 743
1756977529898 42949.0 744
1756977532115 42949.0 745
1756977540864 42949.0 746
1756977542983 42949.0 747
1756977544580 42949.0 748
1756977548185 42949.0 749
1756977550211 42949.0 750
1756977552255 42949.0 751
1756977554558 42949.0 752
1756977556155 42949.0 753
1756977558117 42949.0 754
1756977559716 42949.0 755
1756977561282 42949.0 756
1756977562845 42949.0 757
1756977564623 42949.0 758
1756977564265 42949.0 759
1756977566328 42949.0 760
1756977567901 42949.0 761
1756977569967 42949.0 762
1756977573875 42949.0 763
1756977575456 42949.0 764
1756977577063 42949.0 765
1756977578625 42949.0 766
1756977580196 42949.0 767
1756977582110 42949.0 768
1756977584240 42949.0 769
1756977589507 42949.0 770
1756977591116 42949.0 771
1756977592787 42949.0 772
1756977590857 42949.0 773
1756977593056 42949.0 774
1756977594896 42949.0 775
1756977596574 42949.0 776
1756977598568 42949.0 777
1756977600447 42949.0 778
1756977602490 42949.0 779
1756977604092 42949.0 780
1756977606089 42949.0 781
1756977608174 42949.0 782
1756977609786 42949.0 783
1756977611452 42949.0 784
1756977613045 42949.0 785
1756977642454 42949.0 786
1756977645279 42949.0 787
1756977647094 42949.0 788
1756977658802 42949.0 789
1756977660914 42949.0 790
1756977662576 42949.0 791
1756977664847 42949.0 792
1756977667213 42949.0 793
1756977673599 42949.0 794
1756977675207 42949.0 795
1756977675160 42949.0 796
1756977677456 42949.0 797
1756977679084 42949.0 798
1756977680905 42949.0 799
1756977683058 42949.0 800
1756977685058 42949.0 801
1756977687066 42949.0 802
1756977689176 42949.0 803
1756977690779 42949.0 804
1756977692821 42949.0 805
1756977694836 42949.0 806
1756977708770 42949.0 807
1756977710339 42949.0 808
1756977712906 42949.0 809
1756977714498 42949.0 810
1756977718268 42949.0 811
1756977720301 42949.0 812
1756977722648 42949.0 813
1756977725142 42949.0 814
1756977727399 42949.0 815
1756977729646 42949.0 816
1756977729700 42949.0 817
1756977731987 42949.0 818
1756977734363 42949.0 819
1756977736478 42949.0 820
1756977738588 42949.0 821
1756977741905 42949.0 822
1756977744141 42949.0 823
1756977746308 42949.0 824
1756977749067 42949.0 825
1756977751312 42949.0 826
1756977753676 42949.0 827
1756977755811 42949.0 828
1756977786823 42949.0 829
1756977786496 42949.0 830
1756977788730 42949.0 831
1756977791002 42949.0 832
1756977792937 42949.0 833
1756977794992 42949.0 834
1756977796598 42949.0 835
1756977827229 42949.0 836
1756977829869 42949.0 837
1756977831472 42949.0 838
1756977833075 42949.0 839
1756977838011 42949.0 840
1756977839603 42949.0 841
1756977841170 42949.0 842
1756977839179 42949.0 843
1756977841139 42949.0 844
1756977843442 42949.0 845
1756977845042 42949.0 846
1756977847121 42949.0 847
1756977849526 42949.0 848
1756977851588 42949.0 849
1756977853585 42949.0 850
1756977881202 42949.0 851
1756977882785 42949.0 852
1756977884867 42949.0 853
1756977887176 42949.0 854
1756977889407 42949.0 855
1756977891742 42949.0 856
1756977893875 42949.0 857
1756977897014 42949.0 858
1756977898701 42949.0 859
1756977901000 42949.0 860
1756977903052 42949.0 861
1756977905594 42949.0 862
1756977907197 42949.0 863
1756977909386 42949.0 864
1756977911481 42949.0 865
1756977913658 42949.0 866
1756977916124 42949.0 867
1756977918263 42949.0 868
1756977920179 42949.0 869
1756977922489 42949.0 870
1756977924868 42949.0 871
1756977924447 42949.0 872
1756977952753 42949.0 873
1756977955039 42949.0 874
1756977956625 42949.0 875
1756977958683 42949.0 876
1756977960938 42949.0 877
1756977963137 42949.0 878
1756977964784 42949.0 879
1756977985868 42949.0 880
1756977987486 42949.0 881
1756977989503 42949.0 882
1756977991102 42949.0 883
1756977992957 42949.0 884
1756977994578 42949.0 885
1756977996164 42949.0 886
1756977998412 42949.0 887
1756978000413 42949.0 888
1756978002025 42949.0 889
1756978003624 42949.0 890
1756978005221 42949.0 891
1756978007656 42949.0 892
1756978006743 42949.0 893
1756978009110 42949.0 894
1756978011532 42949.0 895
1756978035019 42949.0 896
1756978035521 42949.0 897
1756978037096 42949.0 898
1756978038931 42949.0 899
1756978041032 42949.0 900
1756978043083 42949.0 901
1756978049945 42949.0 902
1756978052063 42949.0 903
1756978054356 42949.0 904
1756978056781 42949.0 905
1756978058901 42949.0 906
1756978060750 42949.0 907
1756978062900 42949.0 908
1756978062857 42949.0 909
1756978064997 42949.0 910
1756978068387 42949.0 911
1756978070751 42949.0 912
1756978073039 42949.0 913
1756978075255 42949.0 914
1756978077007 42949.0 915
1756978079382 42949.0 916
1756978149967 42949.0 917
1756978152210 42949.0 918
1756978154543 42949.0 919
1756978156547 42949.0 920
1756978158629 42949.0 921
1756978160628 42949.0 922
1756978162913 42949.0 923
1756978200063 42949.0 924
1756978202186 42949.0 925
1756978202277 42949.0 926
1756978204303 42949.0 927
1756978206852 42949.0 928
1756978209074 42949.0 929
1756978211231 42949.0 930
1756978213618 42949.0 931
1756978216065 42949.0 932
1756978218573 42949.0 933
1756978220773 42949.0 934
1756978223108 42949.0 935
1756978225535 42949.0 936
1756978227834 42949.0 937
1756978229990 42949.0 938
1756978265216 42949.0 939
1756978267529 42949.0 940
1756978271010 42949.0 941
1756978273184 42949.0 942
1756978275338 42949.0 943
1756978277714 42949.0 944
1756978280748 42949.0 945
1756978282797 42949.0 946
1756978290156 42949.0 947
1756978292550 42949.0 948
1756978294554 42949.0 949
1756978297436 42949.0 950
1756978299509 42949.0 951
1756978301931 42949.0 952
1756978304185 42949.0 953
1756978306354 42949.0 954
1756978308543 42949.0 955
1756978310653 42949.0 956
1756978312866 42949.0 957
1756978312838 42949.0 958
1756978315105 42949.0 959
1756978316976 42949.0 960
1756978318974 42949.0 961
1756978351583 42949.0 962
1756978358400 42949.0 963
1756978360872 42949.0 964
1756978363288 42949.0 965
1756978365169 42949.0 966
1756978368492 42949.0 967
1756978368625 42949.0 968
1756978371907 42949.0 969
1756978374219 42949.0 970
1756978376399 42949.0 971
1756978377987 42949.0 972
1756978380175 42949.0 973
1756978381821 42949.0 974
1756978383921 42949.0 975
1756978386363 42949.0 976
1756978388678 42949.0 977
1756978391816 42949.0 978
1756978394173 42949.0 979
1756978396203 42949.0 980
1756978396144 42949.0 981
1756978398203 42949.0 982
1756978400610 42949.0 983
1756978402797 42949.0 984
1756978404897 42949.0 985
1756978407279 42949.0 986
1756978409330 42949.0 987
1756978411436 42949.0 988
1756978413730 42949.0 989
1756978417634 42949.0 990
1756978423685 42949.0 991
1756978423880 42949.0 992
1756978426182 42949.0 993
1756978429629 42949.0 994
1756978431764 42949.0 995
1756978434106 42949.0 996
1756978436481 42949.0 997
1756978438804 42949.0 998
1756978441120 42949.0 999
