1757431054186 45998.0 0
1757431095506 43131.0 1
1757431100319 43131.0 2
1757431105573 43131.0 3
1757431116819 43131.0 4
1757431126470 43131.0 5
1757431135550 43131.0 6
1757431141716 43131.0 7
1757431147572 43131.0 9
1757431159819 43131.0 10
1757431170430 43131.0 11
1757431180743 43131.0 12
1757431191014 43131.0 13
1757431200048 43131.0 14
1757431205060 43131.0 15
1757431212360 43131.0 17
1757431221440 43131.0 19
1757431260094 43131.0 20
1757431270694 43131.0 21
1757431284466 43131.0 22
1757431296945 43131.0 25
1757431304821 43131.0 26
1757431312307 43131.0 27
1757431317203 43131.0 28
1757431324719 43131.0 30
1757431330621 43131.0 33
