1756886880053 48615.0 0
1756886930664 48615.0 1
1756887259960 48615.0 2
1756887319543 48615.0 3
1756887348165 48615.0 4
1756887392706 48615.0 5
1756887717996 48615.0 6
1756887894647 48615.0 7
1756887949592 48615.0 8
1756888124063 48615.0 9
1756888149930 48615.0 10
1756888477533 48615.0 11
1756888802871 48615.0 12
1756889129181 48615.0 13
1756889451526 48615.0 14
1756889483235 48615.0 15
1756889808383 48615.0 16
1756890131399 48615.0 17
1756890164673 48615.0 18
1756890496365 48615.0 19
1756890819549 48615.0 20
1756891143895 48615.0 21
1756891475128 48615.0 22
1756891796736 48615.0 23
1756892118917 48615.0 24
1756892459847 48615.0 25
1756892783063 48615.0 26
1756892856192 48615.0 27
1756893184106 48615.0 28
1756893236716 48615.0 29
1756893560666 48615.0 30
1756893892344 48615.0 31
1756894215653 48615.0 32
1756894541924 48615.0 33
1756894603571 48615.0 34
1756894929436 48615.0 35
1756894993500 48615.0 36
1756895015698 48615.0 37
1756895077413 48615.0 38
1756895402441 48615.0 39
1756895434046 48615.0 40
1756895758150 48615.0 41
1756896086949 48615.0 42
1756896409017 48615.0 43
1756896737915 48615.0 44
1756897061591 48615.0 45
1756897122085 48615.0 46
1756897145103 48615.0 47
1756897471589 48615.0 48
1756897800807 48615.0 49
1756898122493 48615.0 50
1756898454921 48615.0 51
1756898780007 48615.0 52
1756899105670 48615.0 53
1756899438419 48615.0 54
1756899757614 48615.0 55
1756899786249 48615.0 56
1756900114795 48615.0 57
1756900142694 48615.0 58
1756900196303 48615.0 59
1756900520291 48615.0 60
1756900853025 48615.0 61
1756901184548 48615.0 62
1756901518287 48615.0 63
