1756967964735 49299.0 0
1756968002335 43131.0 1
1756968007282 43131.0 2
1756968012279 43131.0 3
1756968023303 43131.0 4
1756968031198 43131.0 5
1756968040491 43131.0 6
1756968046208 43131.0 7
1756968052068 43131.0 9
1756968058830 43131.0 10
1756968068229 43131.0 11
1756968079444 43131.0 12
1756968089937 43131.0 13
1756968099533 43131.0 14
1756968104397 43131.0 15
1756968110466 43131.0 17
1756968118393 43131.0 19
1756968156024 43131.0 20
1756968166671 43131.0 21
1756968176218 43131.0 22
1756968187138 43131.0 25
1756968194961 43131.0 26
1756968200316 43131.0 27
1756968205410 43131.0 28
1756968213548 43131.0 30
1756968220047 43131.0 33
