1756902608197 43033.0 0
1756902635560 43033.0 1
1756902664166 43033.0 2
1756902693807 43033.0 3
1756902710057 43033.0 4
1756902731091 43033.0 5
1756902761838 43033.0 6
1756902790036 43033.0 7
1756902818037 43033.0 8
1756902847792 43033.0 9
1756902863844 43033.0 10
1756902898912 43033.0 11
1756902939288 43033.0 12
1756902973481 43033.0 13
1756903007560 43033.0 14
1756903023851 43033.0 15
1756903056493 43033.0 16
1756903085075 43033.0 17
1756903099686 43033.0 18
1756903130497 43033.0 19
1756903167871 43033.0 20
1756903202069 43033.0 21
1756903237468 43033.0 22
1756903270771 43033.0 23
1756903306905 43033.0 24
1756903342349 43033.0 25
1756903374076 43033.0 26
1756903389399 43033.0 27
