1756922176398 46383.0 0
1756922192871 46383.0 1
1756922574209 44707.0 2
1756922597918 44707.0 3
1756922605818 44707.0 4
1756922632544 44707.0 5
1756922659311 44707.0 6
1756922671042 44707.0 7
1756922779006 44707.0 9
1756922823648 44707.0 10
1756922890113 44707.0 13
1756922914511 44707.0 14
1756922926926 44707.0 16
1756922958001 44707.0 17
1756922987626 44707.0 18
1756923056829 44707.0 19
1756923074946 44707.0 21
1756923222736 44707.0 23
1756923369336 44707.0 24
1756923391305 44707.0 25
1756923407863 44707.0 26
1756923446897 44707.0 27
1756923807214 44707.0 28
1756923831774 44707.0 31
1756923843128 44707.0 32
1756923860104 44707.0 33
